3 0.4125 0.098828125 0.4703125 0.098828125 0.4703125 0.190234375 0.4125 0.190234375
3 0.47929687499999996 0.10234375000000001 0.584765625 0.10234375000000001 0.584765625 0.17578125 0.47929687499999996 0.17578125
3 0.254296875 0.5140625000000001 0.308203125 0.5140625000000001 0.308203125 0.59375 0.254296875 0.59375
3 0.0042968750000000056 0.745703125 0.119140625 0.745703125 0.119140625 0.8855468750000001 0.0042968750000000056 0.8855468750000001
3 0.38359375 0.258984375 0.42734374999999997 0.258984375 0.42734374999999997 0.319140625 0.38359375 0.319140625
3 0.35195312500000003 0.13515624999999998 0.399609375 0.13515624999999998 0.399609375 0.21484375 0.35195312500000003 0.21484375
3 0.6328125 0.517578125 0.6781250000000001 0.517578125 0.6781250000000001 0.571484375 0.6328125 0.571484375
3 0.69140625 0.633203125 0.76484375 0.633203125 0.76484375 0.6980468750000001 0.69140625 0.6980468750000001
3 0.556640625 0.571875 0.6214843750000001 0.571875 0.6214843750000001 0.6593749999999999 0.556640625 0.6593749999999999
3 0.5714843749999999 0.7585937500000001 0.601953125 0.7585937500000001 0.601953125 0.80234375 0.5714843749999999 0.80234375
3 0.68671875 0.5164062500000001 0.74609375 0.5164062500000001 0.74609375 0.60390625 0.68671875 0.60390625
3 0.33203125 0.691796875 0.38515625 0.691796875 0.38515625 0.758203125 0.33203125 0.758203125
3 0.81015625 0.87890625 0.89609375 0.87890625 0.89609375 0.9585937499999999 0.81015625 0.9585937499999999
3 0.6296875 0.778125 0.6609375 0.778125 0.6609375 0.8203125 0.6296875 0.8203125
3 0.679296875 0.7765625 0.7097656250000001 0.7765625 0.7097656250000001 0.8203125 0.679296875 0.8203125
3 0.25507812500000004 0.23945312500000002 0.310546875 0.23945312500000002 0.310546875 0.33242187500000003 0.25507812500000004 0.33242187500000003
3 0.1921875 0.40703124999999996 0.2234375 0.40703124999999996 0.2234375 0.44921875 0.1921875 0.44921875
0 0.18046875 0.6871093749999999 0.19453125 0.6871093749999999 0.19453125 0.705078125 0.18046875 0.705078125
0 0.548828125 0.16249999999999998 0.563671875 0.16249999999999998 0.563671875 0.1953125 0.548828125 0.1953125
