0 0.49492187499999996 0.46015625 0.517578125 0.46015625 0.517578125 0.48984374999999997 0.49492187499999996 0.48984374999999997
0 0.25273437499999996 0.42500000000000004 0.275390625 0.42500000000000004 0.275390625 0.4609375 0.25273437499999996 0.4609375
0 0.293359375 0.33203125 0.308203125 0.33203125 0.308203125 0.36328125 0.293359375 0.36328125
0 0.2734375 0.086328125 0.2875 0.086328125 0.2875 0.107421875 0.2734375 0.107421875
0 0.377734375 0.825390625 0.41757812499999997 0.825390625 0.41757812499999997 0.880859375 0.377734375 0.880859375
0 0.777734375 0.7796875000000001 0.7941406249999999 0.7796875000000001 0.7941406249999999 0.8125 0.777734375 0.8125
0 0.71640625 0.08632812499999999 0.7257812499999999 0.08632812499999999 0.7257812499999999 0.102734375 0.71640625 0.102734375
0 0.97890625 0.071484375 0.98984375 0.071484375 0.98984375 0.09726562500000001 0.97890625 0.09726562500000001
3 0.930859375 0.40078125 0.975390625 0.40078125 0.975390625 0.48046875 0.930859375 0.48046875
3 0.809765625 0.3515625 0.907421875 0.3515625 0.907421875 0.4765625 0.809765625 0.4765625
3 0.90390625 0.275 0.9757812499999999 0.275 0.9757812499999999 0.3890625 0.90390625 0.3890625
