3 0.4609375 0.7863281249999999 0.525 0.7863281249999999 0.525 0.890234375 0.4609375 0.890234375
3 0.508984375 0.68671875 0.575390625 0.68671875 0.575390625 0.80859375 0.508984375 0.80859375
3 0.526171875 0.8214843749999999 0.630078125 0.8214843749999999 0.630078125 0.953515625 0.526171875 0.953515625
3 0.578515625 0.7921874999999999 0.6417968749999999 0.7921874999999999 0.6417968749999999 0.9 0.578515625 0.9
3 0.6496093749999999 0.791015625 0.722265625 0.791015625 0.722265625 0.885546875 0.6496093749999999 0.885546875
3 0.59921875 0.698046875 0.7273437500000001 0.698046875 0.7273437500000001 0.834765625 0.59921875 0.834765625
3 0.505859375 0.60390625 0.642578125 0.60390625 0.642578125 0.7570312499999999 0.505859375 0.7570312499999999
2 0.45464409687499996 0.5891927078125 0.4166666671875 0.5582682296875 0.3352864578125 0.5159505203125 0.2604166671875 0.4752604171875 0.209418403125 0.4524739578125 0.210503471875 0.4996744796875 0.263671875 0.5159505203125 0.43511284687499996 0.5843098953125 0.45464409687499996 0.5891927078125
2 0.76171875 0.6396484375 0.9993489578125001 0.7080078125 0.9743923609375 0.6803385421875 0.8962673609375 0.6559244796875 0.6662326390625 0.6038411453125 0.6380208328125 0.5891927078125 0.5490451390625 0.5696614578125 0.3938802078125 0.5208333328125 0.3548177078125 0.5110677078125 0.38194444375000003 0.537109375 0.46440972187499996 0.5696614578125 0.5891927078125 0.60546875 0.76171875 0.6396484375
0 0.63359375 0.3984375 0.64765625 0.3984375 0.64765625 0.428125 0.63359375 0.428125
0 0.62578125 0.33710937500000004 0.63984375 0.33710937500000004 0.63984375 0.361328125 0.62578125 0.361328125
0 0.1765625 0.081640625 0.190625 0.081640625 0.190625 0.107421875 0.1765625 0.107421875
