3 0.236328125 0.04609375 0.316796875 0.04609375 0.316796875 0.17265625 0.236328125 0.17265625
3 0.5445312499999999 0.29648437499999997 0.60546875 0.29648437499999997 0.60546875 0.387890625 0.5445312499999999 0.387890625
3 0.473046875 0.39375 0.531640625 0.39375 0.531640625 0.47500000000000003 0.473046875 0.47500000000000003
3 0.433984375 0.53046875 0.492578125 0.53046875 0.492578125 0.60546875 0.433984375 0.60546875
3 0.314453125 0.498046875 0.366796875 0.498046875 0.366796875 0.559765625 0.314453125 0.559765625
3 0.14101562499999998 0.130078125 0.205859375 0.130078125 0.205859375 0.23398437500000002 0.14101562499999998 0.23398437500000002
0 0.0 0.6476562499999999 0.021875 0.6476562499999999 0.021875 0.68984375 0.0 0.68984375
2 0.9483506937499999 0.1790364578125 0.9982638890625 0.2897135421875 1 0.2571614578125 0.9874131937499999 0.20182291718749998 0.9157986109375 0.0227864578125 0.87890625 0.0032552078125 0.9049479171874999 0.06184895781250001 0.9483506937499999 0.1790364578125
3 0.46015625 0.807421875 0.49921875 0.807421875 0.49921875 0.872265625 0.46015625 0.872265625
3 0.4140625 0.9203125000000001 0.46562499999999996 0.9203125000000001 0.46562499999999996 1.0 0.4140625 1.0
