1 0.6239149312500001 0.5989583328125 0.6868489578125 0.6689453125 0.7497829859375 0.7454427078125 0.7693142359375 0.791015625 0.786675346875 0.8121744796874999 0.8094618062500001 0.80078125 0.8029513890625 0.7682291671875 0.7845052078125 0.7242838546875 0.7454427078125 0.6673177078125 0.687934028125 0.60546875 0.610894096875 0.5354817703125 0.5555555562500001 0.4801432296875 0.513237846875 0.439453125 0.5013020828125 0.4085286453125 0.5403645828125 0.390625 0.5859375 0.4345703125 0.6629774312500001 0.4915364578125 0.732421875 0.56640625 0.7888454859375 0.5875651046875 0.7628038187499999 0.5224609375 0.6955295140625 0.4654947921875 0.6260850687499999 0.4166666671875 0.5729166671875 0.3369140625 0.5533854171875 0.2392578125 0.52734375 0.1236979171875 0.4861111109375 0.068359375 0.3971354171875 0.0374348953125 0.29188368124999997 0.08951822968749999 0.21267361093749998 0.33203125 0.2658420140625 0.4622395828125 0.39496527812500004 0.537109375 0.4264322921875 0.4947916671875 0.4557291671875 0.4931640625 0.48285590312500004 0.4964192703125 0.5642361109375 0.556640625 0.6239149312500001 0.5989583328125
0 0.8722656249999999 0.26484375 0.887109375 0.26484375 0.887109375 0.29765625 0.8722656249999999 0.29765625
0 0.7062499999999999 0.1890625 0.725 0.1890625 0.725 0.22968750000000002 0.7062499999999999 0.22968750000000002
0 0.6421874999999999 0.252734375 0.65625 0.252734375 0.65625 0.27695312499999997 0.6421874999999999 0.27695312499999997
0 0.7523437500000001 0.45546875 0.76953125 0.45546875 0.76953125 0.48671875 0.7523437500000001 0.48671875
0 0.716015625 0.091015625 0.729296875 0.091015625 0.729296875 0.11679687500000001 0.716015625 0.11679687500000001
0 0.837890625 0.675390625 0.849609375 0.675390625 0.849609375 0.699609375 0.837890625 0.699609375
0 0.536328125 0.634765625 0.552734375 0.634765625 0.552734375 0.6558593749999999 0.536328125 0.6558593749999999
0 0.550390625 0.5730468750000001 0.562109375 0.5730468750000001 0.562109375 0.589453125 0.550390625 0.589453125
0 0.44179687500000003 0.8875000000000001 0.458203125 0.8875000000000001 0.458203125 0.93125 0.44179687500000003 0.93125
0 0.159375 0.830078125 0.16875 0.830078125 0.16875 0.846484375 0.159375 0.846484375
0 0.0359375 0.43320312499999997 0.05 0.43320312499999997 0.05 0.454296875 0.0359375 0.454296875
0 0.17890625000000002 0.37773437499999996 0.18984375 0.37773437499999996 0.18984375 0.400390625 0.17890625000000002 0.400390625
0 0.39296875 0.368359375 0.41015625 0.368359375 0.41015625 0.395703125 0.39296875 0.395703125
