3 0.3984375 0.36484375 0.48750000000000004 0.36484375 0.48750000000000004 0.52734375 0.3984375 0.52734375
3 0.20546875 0.60859375 0.24765625 0.60859375 0.24765625 0.68671875 0.20546875 0.68671875
3 0.66796875 0.15468749999999998 0.71484375 0.15468749999999998 0.71484375 0.2234375 0.66796875 0.2234375
3 0.4828125 0.45390624999999996 0.5421874999999999 0.45390624999999996 0.5421874999999999 0.56640625 0.4828125 0.56640625
3 0.3515625 0.434375 0.3984375 0.434375 0.3984375 0.503125 0.3515625 0.503125
3 0.562890625 0.428125 0.6183593749999999 0.428125 0.6183593749999999 0.5078125 0.562890625 0.5078125
3 0.6453125000000001 0.3125 0.7015625 0.3125 0.7015625 0.3828125 0.6453125000000001 0.3828125
0 0.723828125 0.760546875 0.735546875 0.760546875 0.735546875 0.783203125 0.723828125 0.783203125
0 0.534765625 0.22617187500000002 0.546484375 0.22617187500000002 0.546484375 0.251953125 0.534765625 0.251953125
0 0.479296875 0.08164062500000001 0.49570312499999997 0.08164062500000001 0.49570312499999997 0.104296875 0.479296875 0.104296875
3 0.5296875 0.023046874999999994 0.5906250000000001 0.023046874999999994 0.5906250000000001 0.120703125 0.5296875 0.120703125
0 0.236328125 0.53984375 0.255859375 0.53984375 0.255859375 0.56953125 0.236328125 0.56953125
0 0.0171875 0.608984375 0.03125 0.608984375 0.03125 0.625390625 0.0171875 0.625390625
0 0.062890625 0.57578125 0.082421875 0.57578125 0.082421875 0.60703125 0.062890625 0.60703125
0 0.2703125 0.18085937500000002 0.284375 0.18085937500000002 0.284375 0.203515625 0.2703125 0.203515625
0 0.232421875 0.40664062500000003 0.248828125 0.40664062500000003 0.248828125 0.423046875 0.232421875 0.423046875
0 0.233203125 0.430859375 0.248046875 0.430859375 0.248046875 0.442578125 0.233203125 0.442578125
0 0.271484375 0.433203125 0.284765625 0.433203125 0.284765625 0.449609375 0.271484375 0.449609375
