1 0.13563368125 0.5908203125 0.2571614578125 0.6787109375 0.3352864578125 0.6412760421875 0.4177517359375 0.615234375 0.56640625 0.6038411453125 0.7052951390625 0.6282552078125 0.751953125 0.6266276046875 0.751953125 0.5908203125 0.7248263890625 0.5680338546875 0.7052951390625 0.537109375 0.601128471875 0.5485026046875 0.541449653125 0.5517578125 0.46875 0.5517578125 0.40147569375 0.5615234375 0.3287760421875 0.5631510421875 0.37109375 0.5126953125 0.4752604171875 0.4866536453125 0.5935329859375 0.46875 0.6358506937499999 0.4768880203125 0.6477864578125 0.4606119796875 0.6423611109375 0.4329427078125 0.6141493062500001 0.4231770828125 0.591362846875 0.4231770828125 0.5045572921875 0.4215494796875 0.4720052078125 0.4280598953125 0.41883680625 0.44921875 0.380859375 0.4573567703125 0.33311631875000003 0.4329427078125 0.29730902812500004 0.3580729171875 0.25390625 0.2880859375 0.20724826406250002 0.2685546875 0.1725260421875 0.2669270828125 0.15190972187500001 0.302734375 0.1171875 0.3645833328125 0.103081596875 0.4459635421875 0.13563368125 0.5908203125
2 0.9602864578125001 0.07486979218749999 0.951605903125 0.0358072921875 0.9461805562500001 0.0276692703125 0.9342447921874999 0.0341796875 0.9559461812500001 0.1090494796875 0.9646267359375 0.1790364578125 0.9743923609375 0.1497395828125 0.9602864578125001 0.07486979218749999
0 0.6109375 0.10859375 0.6296875000000001 0.10859375 0.6296875000000001 0.13828125 0.6109375 0.13828125
0 0.41445312500000003 0.098046875 0.423046875 0.098046875 0.423046875 0.119140625 0.41445312500000003 0.119140625
0 0.447265625 0.185546875 0.458984375 0.185546875 0.458984375 0.201953125 0.447265625 0.201953125
0 0.41015625 0.284765625 0.41796875 0.284765625 0.41796875 0.301171875 0.41015625 0.301171875
0 0.581640625 0.3546875 0.5964843750000001 0.3546875 0.5964843750000001 0.3875 0.581640625 0.3875
0 0.7265625 0.46015625 0.7453125 0.46015625 0.7453125 0.48984374999999997 0.7265625 0.48984374999999997
0 0.453125 0.6839843750000001 0.47187500000000004 0.6839843750000001 0.47187500000000004 0.705078125 0.453125 0.705078125
0 0.44140625 0.621484375 0.45546875 0.621484375 0.45546875 0.6378906249999999 0.44140625 0.6378906249999999
0 0.048828125 0.768359375 0.065234375 0.768359375 0.065234375 0.795703125 0.048828125 0.795703125
0 0.012109375 0.615234375 0.026953125 0.615234375 0.026953125 0.639453125 0.012109375 0.639453125
0 0.805078125 0.07656249999999999 0.816796875 0.07656249999999999 0.816796875 0.10625 0.805078125 0.10625
