3 0.28671875 0.627734375 0.32265625 0.627734375 0.32265625 0.678515625 0.28671875 0.678515625
3 0.2765625 0.10234375000000001 0.31875000000000003 0.10234375000000001 0.31875000000000003 0.17578125 0.2765625 0.17578125
3 0.012890625000000003 0.28359375000000003 0.060546875 0.28359375000000003 0.060546875 0.36640625 0.012890625000000003 0.36640625
3 0.19414062499999998 0.24765624999999997 0.233984375 0.24765624999999997 0.233984375 0.33515625 0.19414062499999998 0.33515625
3 0.133203125 0.15000000000000002 0.18867187500000002 0.15000000000000002 0.18867187500000002 0.2296875 0.133203125 0.2296875
3 0.40625 0.278125 0.44062500000000004 0.278125 0.44062500000000004 0.35312499999999997 0.40625 0.35312499999999997
3 0.37890625 0.3515625 0.43203125 0.3515625 0.43203125 0.42500000000000004 0.37890625 0.42500000000000004
3 0.38515625 0.43124999999999997 0.44296875 0.43124999999999997 0.44296875 0.54375 0.38515625 0.54375
3 0.519921875 0.501171875 0.5597656249999999 0.501171875 0.5597656249999999 0.556640625 0.519921875 0.556640625
3 0.570703125 0.683203125 0.601171875 0.683203125 0.601171875 0.7355468749999999 0.570703125 0.7355468749999999
3 0.365625 0.60703125 0.415625 0.60703125 0.415625 0.6789062499999999 0.365625 0.6789062499999999
3 0.810546875 0.567578125 0.841015625 0.567578125 0.841015625 0.618359375 0.810546875 0.618359375
3 0.76796875 0.671875 0.81015625 0.671875 0.81015625 0.753125 0.76796875 0.753125
3 0.823046875 0.6203125 0.876953125 0.6203125 0.876953125 0.6984375 0.823046875 0.6984375
3 0.8390625 0.7292968750000001 0.903125 0.7292968750000001 0.903125 0.831640625 0.8390625 0.831640625
3 0.879296875 0.594140625 0.9128906250000001 0.594140625 0.9128906250000001 0.660546875 0.879296875 0.660546875
3 0.923046875 0.5890625 0.942578125 0.5890625 0.942578125 0.6359375 0.923046875 0.6359375
3 0.9343750000000001 0.65078125 0.9625 0.65078125 0.9625 0.68984375 0.9343750000000001 0.68984375
3 0.9015624999999999 0.7140624999999999 0.9359375 0.7140624999999999 0.9359375 0.7828125 0.9015624999999999 0.7828125
3 0.96015625 0.7015625 0.98515625 0.7015625 0.98515625 0.7453124999999999 0.96015625 0.7453124999999999
3 0.94609375 0.751953125 0.98828125 0.751953125 0.98828125 0.818359375 0.94609375 0.818359375
3 0.8609374999999999 0.541796875 0.90625 0.541796875 0.90625 0.595703125 0.8609374999999999 0.595703125
3 0.54375 0.012890624999999996 0.5828125 0.012890624999999996 0.5828125 0.074609375 0.54375 0.074609375
3 0.474609375 0.16171875000000002 0.536328125 0.16171875000000002 0.536328125 0.24609375 0.474609375 0.24609375
0 0.10546875 0.625390625 0.11953125 0.625390625 0.11953125 0.6496093749999999 0.10546875 0.6496093749999999
0 0.17109375000000002 0.595703125 0.18203125 0.595703125 0.18203125 0.610546875 0.17109375000000002 0.610546875
