0 0.36796874999999996 0.687109375 0.38671875 0.687109375 0.38671875 0.7097656250000001 0.36796874999999996 0.7097656250000001
0 0.7203125 0.137109375 0.7374999999999999 0.137109375 0.7374999999999999 0.156640625 0.7203125 0.156640625
3 0.028515625000000003 0.407421875 0.079296875 0.407421875 0.079296875 0.473828125 0.028515625000000003 0.473828125
3 0.058984375000000006 0.52265625 0.148828125 0.52265625 0.148828125 0.59765625 0.058984375000000006 0.59765625
3 0.06054687499999999 0.7140625 0.11445312499999999 0.7140625 0.11445312499999999 0.7859375 0.06054687499999999 0.7859375
3 0.0 0.68046875 0.034375 0.68046875 0.034375 0.75390625 0.0 0.75390625
3 0.12773437499999998 0.7390625000000001 0.183203125 0.7390625000000001 0.183203125 0.8265625 0.12773437499999998 0.8265625
3 0.19687500000000002 0.7484375 0.2421875 0.7484375 0.2421875 0.821875 0.19687500000000002 0.821875
3 0.263671875 0.753125 0.30351562499999996 0.753125 0.30351562499999996 0.828125 0.263671875 0.828125
3 0.31914062499999996 0.74375 0.388671875 0.74375 0.388671875 0.8171875000000001 0.31914062499999996 0.8171875000000001
3 0.42734375 0.23125 0.48046875 0.23125 0.48046875 0.31875000000000003 0.42734375 0.31875000000000003
3 0.56328125 0.241015625 0.61015625 0.241015625 0.61015625 0.305859375 0.56328125 0.305859375
3 0.394921875 0.326953125 0.445703125 0.326953125 0.445703125 0.38242187499999997 0.394921875 0.38242187499999997
3 0.431640625 0.50625 0.49335937500000004 0.50625 0.49335937500000004 0.5875 0.431640625 0.5875
3 0.7015625000000001 0.5140625 0.734375 0.5140625 0.734375 0.55625 0.7015625000000001 0.55625
3 0.6828124999999999 0.60390625 0.7328125 0.60390625 0.7328125 0.68203125 0.6828124999999999 0.68203125
3 0.625390625 0.6769531249999999 0.676171875 0.6769531249999999 0.676171875 0.730859375 0.625390625 0.730859375
3 0.664453125 0.7296875 0.6980468750000001 0.7296875 0.6980468750000001 0.778125 0.664453125 0.778125
3 0.755078125 0.5628906250000001 0.807421875 0.5628906250000001 0.807421875 0.654296875 0.755078125 0.654296875
3 0.5925781250000001 0.5843750000000001 0.637109375 0.5843750000000001 0.637109375 0.6328125 0.5925781250000001 0.6328125
2 0.26909722187499996 1 0.22786458281250002 0.9098307296874999 0.09874131875 0.634765625 0 0.4573567703125 0 0.4720052078125 0 0.4915364578125 0.073784721875 0.6184895828125 0.12803819375 0.7307942703125 0.2571614578125 1 0.26909722187499996 1