0 0.45156250000000003 0.740625 0.471875 0.740625 0.471875 0.7703125000000001 0.45156250000000003 0.7703125000000001
0 0.453515625 0.38437499999999997 0.468359375 0.38437499999999997 0.468359375 0.4265625 0.453515625 0.4265625
0 0.46249999999999997 0.36796875 0.4796875 0.36796875 0.4796875 0.40078125000000003 0.46249999999999997 0.40078125000000003
0 0.173828125 0.098046875 0.188671875 0.098046875 0.188671875 0.120703125 0.173828125 0.120703125
0 0.18437499999999998 0.203515625 0.2015625 0.203515625 0.2015625 0.230859375 0.18437499999999998 0.230859375
0 0.378125 0.0 0.40781249999999997 0.0 0.40781249999999997 0.05 0.378125 0.05
0 0.9085937500000001 0.252734375 0.92578125 0.252734375 0.92578125 0.280078125 0.9085937500000001 0.280078125
3 0.712109375 0.09609374999999999 0.809765625 0.09609374999999999 0.809765625 0.18359375 0.712109375 0.18359375
3 0.641015625 0.016406249999999997 0.710546875 0.016406249999999997 0.710546875 0.21640625000000002 0.641015625 0.21640625000000002
3 0.70625 0.0 0.8171875 0.0 0.8171875 0.13125 0.70625 0.13125
3 0.0 0.022656249999999996 0.0453125 0.022656249999999996 0.0453125 0.09609375 0.0 0.09609375
3 0.00390625 0.11875 0.07578125 0.11875 0.07578125 0.2328125 0.00390625 0.2328125
3 0.0828125 0.17890625 0.1390625 0.17890625 0.1390625 0.26484375 0.0828125 0.26484375
3 0.0875 0.10234375000000001 0.165625 0.10234375000000001 0.165625 0.22265625 0.0875 0.22265625
2 0.4904513890625 0.5143229171875 0.5295138890625 0.6298828125 0.5729166671875 0.7421875 0.5859375 0.7747395828125 0.5989583328125 0.7503255203125 0.560980903125 0.6380208328125 0.5154079859375 0.4915364578125 0.5056423609375 0.4703776046875 0.478515625 0.4850260421875 0.4904513890625 0.5143229171875