3 0.262890625 0.27968750000000003 0.32773437499999997 0.27968750000000003 0.32773437499999997 0.39375 0.262890625 0.39375
3 0.6171875 0.26875 0.6734374999999999 0.26875 0.6734374999999999 0.340625 0.6171875 0.340625
3 0.429296875 0.29296875 0.523828125 0.29296875 0.523828125 0.36484375 0.429296875 0.36484375
3 0.38828124999999997 0.415234375 0.48515625 0.415234375 0.48515625 0.505078125 0.38828124999999997 0.505078125
3 0.20390625 0.49140625000000004 0.29140625 0.49140625000000004 0.29140625 0.56953125 0.20390625 0.56953125
3 0.0 0.501171875 0.04375 0.501171875 0.04375 0.564453125 0.0 0.564453125
3 0.13124999999999998 0.7125 0.203125 0.7125 0.203125 0.7828125 0.13124999999999998 0.7828125
3 0.5492187500000001 0.32734375 0.61328125 0.32734375 0.61328125 0.41484375 0.5492187500000001 0.41484375
3 0.5359375 0.565234375 0.59375 0.565234375 0.59375 0.630078125 0.5359375 0.630078125
3 0.48359374999999993 0.20546874999999998 0.53359375 0.20546874999999998 0.53359375 0.28515625 0.48359374999999993 0.28515625
3 0.5324218749999999 0.172265625 0.612890625 0.172265625 0.612890625 0.262109375 0.5324218749999999 0.262109375
3 0.628125 0.13515624999999998 0.6875 0.13515624999999998 0.6875 0.20390625 0.628125 0.20390625
3 0.590625 0.45703125 0.625 0.45703125 0.625 0.52578125 0.590625 0.52578125
3 0.610546875 0.42343749999999997 0.637890625 0.42343749999999997 0.637890625 0.465625 0.610546875 0.465625
3 0.6312500000000001 0.44921875 0.6640625 0.44921875 0.6640625 0.51796875 0.6312500000000001 0.51796875
3 0.68125 0.359765625 0.728125 0.359765625 0.728125 0.421484375 0.68125 0.421484375
3 0.685546875 0.21992187500000002 0.7191406250000001 0.21992187500000002 0.7191406250000001 0.276953125 0.685546875 0.276953125
3 0.7468750000000001 0.313671875 0.7953125 0.313671875 0.7953125 0.403515625 0.7468750000000001 0.403515625
3 0.7914062500000001 0.191796875 0.83984375 0.191796875 0.83984375 0.24882812499999998 0.7914062500000001 0.24882812499999998
3 0.79921875 0.30898437500000003 0.8289062500000001 0.30898437500000003 0.8289062500000001 0.366015625 0.79921875 0.366015625
3 0.294140625 0.44453125 0.377734375 0.44453125 0.377734375 0.55234375 0.294140625 0.55234375
