0 0.30624999999999997 0.6328125 0.3234375 0.6328125 0.3234375 0.6703125000000001 0.30624999999999997 0.6703125000000001
0 0.241796875 0.773046875 0.253515625 0.773046875 0.253515625 0.792578125 0.241796875 0.792578125
0 0.38828124999999997 0.94375 0.40546875 0.94375 0.40546875 0.9734375000000001 0.38828124999999997 0.9734375000000001
0 0.458203125 0.45859375 0.477734375 0.45859375 0.477734375 0.48828125 0.458203125 0.48828125
0 0.48945312500000004 0.412109375 0.505859375 0.412109375 0.505859375 0.433203125 0.48945312500000004 0.433203125
0 0.70078125 0.434765625 0.7179687499999999 0.434765625 0.7179687499999999 0.454296875 0.70078125 0.454296875
0 0.65859375 0.182421875 0.66953125 0.182421875 0.66953125 0.200390625 0.65859375 0.200390625
0 0.7359375 0.170703125 0.7468750000000001 0.170703125 0.7468750000000001 0.193359375 0.7359375 0.193359375
0 0.85625 0.32851562500000003 0.875 0.32851562500000003 0.875 0.352734375 0.85625 0.352734375
0 0.9773437500000001 0.543359375 0.99453125 0.543359375 0.99453125 0.5691406250000001 0.9773437500000001 0.5691406250000001
0 0.7203125 0.666015625 0.7312500000000001 0.666015625 0.7312500000000001 0.6871093749999999 0.7203125 0.6871093749999999
0 0.403515625 0.14960937500000002 0.41835937500000003 0.14960937500000002 0.41835937500000003 0.172265625 0.403515625 0.172265625
0 0.20742187499999998 0.045703125000000004 0.220703125 0.045703125000000004 0.220703125 0.062109375 0.20742187499999998 0.062109375
0 0.062109375 0.00039062500000000035 0.092578125 0.00039062500000000035 0.092578125 0.026171874999999997 0.062109375 0.026171874999999997
0 0.07421875 0.42304687500000004 0.09453125000000001 0.42304687500000004 0.09453125000000001 0.447265625 0.07421875 0.447265625
1 0.5186631937499999 0.4427083328125 0.570746528125 0.5257161453125 0.6065538187499999 0.60546875 0.6282552078125 0.6770833328125 0.6358506937499999 0.7210286453125 0.6608072921875 0.7731119796875 0.6705729171875 0.7356770828125 0.6564670140625 0.6819661453125 0.6412760421875 0.6038411453125 0.6087239578125 0.5289713546875 0.570746528125 0.4361979171875 0.531684028125 0.361328125 0.503472221875 0.29296875 0.502387153125 0.2750651046875 0.5349392359375 0.2718098953125 0.5544704859375 0.3141276046875 0.5826822921875 0.3597005203125 0.6217447921875 0.4036458328125 0.6423611109375 0.4475911453125 0.659722221875 0.5094401046875 0.6749131937499999 0.5485026046875 0.693359375 0.5680338546875 0.7020399312500001 0.5224609375 0.6814236109375 0.4475911453125 0.6651475687499999 0.4020182296875 0.640190971875 0.3645833328125 0.6271701390625 0.3369140625 0.5750868062500001 0.2880859375 0.546875 0.21158854218749998 0.5544704859375 0.1334635421875 0.580512153125 0.087890625 0.600043403125 0.0406901046875 0.595703125 0.011393229687500001 0.5295138890625 0.029296875 0.40907118125 0.0048828125 0.35698784687499996 0.0358072921875 0.3200954859375 0.1057942703125 0.32335069375000003 0.1936848953125 0.35264756875000003 0.2490234375 0.39605034687499996 0.2815755203125 0.4264322921875 0.2766927078125 0.4524739578125 0.3011067703125 0.4654947921875 0.3190104171875 0.48936631875 0.3662109375 0.5186631937499999 0.4427083328125
3 0.506640625 0.673828125 0.604296875 0.673828125 0.604296875 0.8089843750000001 0.506640625 0.8089843750000001
3 0.5320312500000001 0.810546875 0.63828125 0.810546875 0.63828125 0.939453125 0.5320312500000001 0.939453125
3 0.615625 0.553515625 0.6859375 0.553515625 0.6859375 0.693359375 0.615625 0.693359375
3 0.62421875 0.771875 0.71953125 0.771875 0.71953125 0.9359375 0.62421875 0.9359375
3 0.692578125 0.691796875 0.790234375 0.691796875 0.790234375 0.8644531249999999 0.692578125 0.8644531249999999
