2 0.48828125 0.4801432296875 0.4752604171875 0.48828125 0.46332465312500004 0.5794270828125 0.47309027812500004 0.5843098953125 0.4850260421875 0.5029296875 0.48828125 0.4801432296875
0 0.40234375 0.712890625 0.41640625 0.712890625 0.41640625 0.7386718750000001 0.40234375 0.7386718750000001
0 0.737890625 0.136328125 0.7527343750000001 0.136328125 0.7527343750000001 0.152734375 0.737890625 0.152734375
3 0.593359375 0.078125 0.6472656250000001 0.078125 0.6472656250000001 0.1625 0.593359375 0.1625
3 0.673046875 0.07343749999999999 0.767578125 0.07343749999999999 0.767578125 0.1546875 0.673046875 0.1546875
3 0.0023437500000000056 0.515625 0.08984375 0.515625 0.08984375 0.6312500000000001 0.0023437500000000056 0.6312500000000001
3 0.051953125 0.466796875 0.096484375 0.466796875 0.096484375 0.523828125 0.051953125 0.523828125
3 0.0859375 0.7703125000000001 0.146875 0.7703125000000001 0.146875 0.8578125 0.0859375 0.8578125
3 0.08046875 0.5750000000000001 0.15859375 0.5750000000000001 0.15859375 0.6578125 0.08046875 0.6578125
3 0.158203125 0.7875 0.21054687500000002 0.7875 0.21054687500000002 0.8703124999999999 0.158203125 0.8703124999999999
3 0.22929687499999998 0.790625 0.27695312499999997 0.790625 0.27695312499999997 0.86875 0.22929687499999998 0.86875
3 0.2984375 0.7875 0.3515625 0.7875 0.3515625 0.86875 0.2984375 0.86875
3 0.471875 0.5226562499999999 0.51875 0.5226562499999999 0.51875 0.59921875 0.471875 0.59921875
3 0.630859375 0.5859375 0.670703125 0.5859375 0.670703125 0.6343749999999999 0.630859375 0.6343749999999999
3 0.6609375000000001 0.681640625 0.709375 0.681640625 0.709375 0.743359375 0.6609375000000001 0.743359375
3 0.7152343750000001 0.61015625 0.767578125 0.61015625 0.767578125 0.67890625 0.7152343750000001 0.67890625
3 0.70859375 0.7312500000000001 0.73671875 0.7312500000000001 0.73671875 0.7796875 0.70859375 0.7796875
3 0.734765625 0.511328125 0.762109375 0.511328125 0.762109375 0.5636718749999999 0.734765625 0.5636718749999999
3 0.579296875 0.24375000000000002 0.623828125 0.24375000000000002 0.623828125 0.3140625 0.579296875 0.3140625
3 0.4515625 0.26640625 0.4984375 0.26640625 0.4984375 0.33671875 0.4515625 0.33671875
3 0.14414062500000002 0.07343749999999999 0.185546875 0.07343749999999999 0.185546875 0.146875 0.14414062500000002 0.146875
3 0.77890625 0.555078125 0.8273437499999999 0.555078125 0.8273437499999999 0.655859375 0.77890625 0.655859375
