0 0.859375 0.47695312500000003 0.8765624999999999 0.47695312500000003 0.8765624999999999 0.5027343750000001 0.859375 0.5027343750000001
0 0.480078125 0.241015625 0.491796875 0.241015625 0.491796875 0.255859375 0.480078125 0.255859375
0 0.021484375 0.341796875 0.034765625 0.341796875 0.034765625 0.355078125 0.021484375 0.355078125
0 0.005859375 0.35976562500000003 0.017578125 0.35976562500000003 0.017578125 0.377734375 0.005859375 0.377734375
0 0.37109375 0.17460937499999998 0.38828125 0.17460937499999998 0.38828125 0.198828125 0.37109375 0.198828125
3 0.5578125 0.02968749999999999 0.625 0.02968749999999999 0.625 0.1140625 0.5578125 0.1140625
3 0.458984375 0.40351562500000004 0.545703125 0.40351562500000004 0.545703125 0.610546875 0.458984375 0.610546875
3 0.54453125 0.45429687499999993 0.61953125 0.45429687499999993 0.61953125 0.555078125 0.54453125 0.555078125
3 0.6218750000000001 0.169140625 0.7046875 0.169140625 0.7046875 0.265234375 0.6218750000000001 0.265234375
3 0.384375 0.8347656250000001 0.4515625 0.8347656250000001 0.4515625 0.929296875 0.384375 0.929296875
3 0.028124999999999997 0.03398437500000001 0.0671875 0.03398437500000001 0.0671875 0.283203125 0.028124999999999997 0.283203125
3 0.39687500000000003 0.045703125 0.4640625 0.045703125 0.4640625 0.151171875 0.39687500000000003 0.151171875
