3 0.076171875 0.353515625 0.166015625 0.353515625 0.166015625 0.569921875 0.076171875 0.569921875
3 0.15859375 0.32265625 0.23671875 0.32265625 0.23671875 0.52578125 0.15859375 0.52578125
3 0.202734375 0.29335937500000003 0.24726562500000002 0.29335937500000003 0.24726562500000002 0.395703125 0.202734375 0.395703125
3 0.76171875 0.312890625 0.8617187500000001 0.312890625 0.8617187500000001 0.451171875 0.76171875 0.451171875
3 0.757421875 0.22265625 0.823828125 0.22265625 0.823828125 0.33359375 0.757421875 0.33359375
3 0.861328125 0.265234375 0.916796875 0.265234375 0.916796875 0.370703125 0.861328125 0.370703125
0 0.48281250000000003 0.4734375 0.5046875000000001 0.4734375 0.5046875000000001 0.50625 0.48281250000000003 0.50625
0 0.25625 0.582421875 0.265625 0.582421875 0.265625 0.605078125 0.25625 0.605078125
0 0.266015625 0.699609375 0.280859375 0.699609375 0.280859375 0.7253906250000001 0.266015625 0.7253906250000001
0 0.866796875 0.448046875 0.878515625 0.448046875 0.878515625 0.47226562499999997 0.866796875 0.47226562499999997
0 0.55625 0.8953125 0.5750000000000001 0.8953125 0.5750000000000001 0.9421875 0.55625 0.9421875
0 0.5621093749999999 0.8738281250000001 0.587890625 0.8738281250000001 0.587890625 0.926171875 0.5621093749999999 0.926171875
