3 0.117578125 0.010156249999999999 0.176171875 0.010156249999999999 0.176171875 0.09453125000000001 0.117578125 0.09453125000000001
3 0.31015625 0.5632812500000001 0.35546875 0.5632812500000001 0.35546875 0.63515625 0.31015625 0.63515625
3 0.390625 0.3453125 0.45781249999999996 0.3453125 0.45781249999999996 0.4625 0.390625 0.4625
3 0.46875 0.18203125 0.5078125 0.18203125 0.5078125 0.25703125 0.46875 0.25703125
3 0.9265625 0.049218750000000006 0.965625 0.049218750000000006 0.965625 0.13671875 0.9265625 0.13671875
3 0.848046875 0.12031250000000002 0.8894531250000001 0.12031250000000002 0.8894531250000001 0.2015625 0.848046875 0.2015625
3 0.546875 0.2734375 0.6078125000000001 0.2734375 0.6078125000000001 0.3609375 0.546875 0.3609375
3 0.43593750000000003 0.45234375 0.496875 0.45234375 0.496875 0.56328125 0.43593750000000003 0.56328125
3 0.36875 0.68984375 0.4296875 0.68984375 0.4296875 0.8039062499999999 0.36875 0.8039062499999999
3 0.576953125 0.40390624999999997 0.635546875 0.40390624999999997 0.635546875 0.48515625 0.576953125 0.48515625
3 0.824609375 0.36484374999999997 0.8878906249999999 0.36484374999999997 0.8878906249999999 0.48515625 0.824609375 0.48515625
3 0.441015625 0.849609375 0.505859375 0.849609375 0.505859375 0.986328125 0.441015625 0.986328125
3 0.37734375000000003 0.234375 0.44453125 0.234375 0.44453125 0.3515625 0.37734375000000003 0.3515625
3 0.46679687499999994 0.276953125 0.5582031249999999 0.276953125 0.5582031249999999 0.449609375 0.46679687499999994 0.449609375
0 0.553125 0.941015625 0.5812499999999999 0.941015625 0.5812499999999999 0.9933593749999999 0.553125 0.9933593749999999
